         0    0.8794    0.6531
    1.5867    1.5012    0.0158
    1.3614   -0.8098   -0.1069
    1.3085   -1.4458   -0.0458
    0.8010    1.2694    0.2184
   -0.9249    1.0199    0.2576
    1.5867   -1.4458   -0.0191
   -1.7202   -1.0446   -0.0304
   -0.1989    0.5490    0.7667
    1.9191    0.1830    0.0093
    2.1163    1.5012    0.0022
    0.6109    1.5012    0.1555
   -0.1989   -0.3841   -0.6051
    2.1163    0.1830    0.0043
   -0.9249         0         0
    1.5867   -0.1999   -0.0278
   -0.9249    1.5012    0.0895
   -1.4482   -1.8447   -0.0080
    0.6109    0.1830    0.2593
   -1.7202    1.5012    0.0106
    1.5867   -1.9764   -0.0030
    0.9437         0         0
   -1.4482   -1.0446   -0.0782
   -1.7202    0.8794    0.0355
    1.3085    1.5012    0.0358
    1.5867    1.0199    0.0474
   -0.1989   -1.0446   -0.5265
   -1.9066    0.5490    0.0207
   -0.4071    1.5012    0.1896
    2.1163   -1.4458   -0.0030
   -0.6339    1.0199    0.4373
    0.6109   -1.7458   -0.0654
         0   -0.1999   -0.3931
    1.5867         0         0
    1.5867   -0.8098   -0.0614
   -1.7202   -0.1999   -0.0216
    1.5867   -1.1440   -0.0434
    1.5867    1.7047    0.0084
    1.5867   -1.8447   -0.0052
   -0.4071         0         0
    1.5867   -1.0446   -0.0446
    0.6109    0.5490    0.5500
   -0.1989    1.5012    0.2101
   -0.7881    1.5012    0.1222
    0.9437    1.2694    0.1680
    0.4345    1.2694    0.2877
   -0.1989   -1.7458   -0.0931
    1.3614         0         0
   -1.0969    1.5012    0.0583
    0.8010    0.3689    0.3284
    1.5867   -1.7458   -0.0074
   -0.9249   -1.9764   -0.0164
    0.4345    1.5012    0.1773
    0.8010   -0.8098   -0.4050
    1.5867   -0.3841   -0.0502
   -1.4482    1.5012    0.0282
   -0.9249   -1.4458   -0.1133
    1.3085   -1.9764   -0.0062
   -0.4071    1.9573    0.0334
    0.4345    1.8143    0.0598
    0.6109   -1.1440   -0.3076
    2.1163    0.3689    0.0077
   -0.6339    0.1830    0.2363
    1.5867    1.9573    0.0035
    1.3614    0.1830    0.0537
    0.9437    1.5012    0.0808
    1.5867    0.8794    0.0625
    1.5867    0.3689    0.0500
    1.3614    1.5012    0.0334
    1.9191   -0.3841   -0.0175
   -1.9066   -0.1999   -0.0097
    1.3085    1.8143    0.0131
    1.5867    0.5490    0.0667
   -1.9888   -1.0446   -0.0113
   -1.0969   -1.0446   -0.1678
   -0.7881   -1.4458   -0.1364
    0.8010    1.5012    0.1118
    0.8010   -0.3841   -0.3194
   -0.1989    1.7047    0.1138
    0.8010    1.7047    0.0593
   -1.9066   -0.8098   -0.0208
   -0.6339    1.9573    0.0287
   -0.6339    1.5012    0.1378
    0.6109   -1.8447   -0.0483
         0    1.5012    0.2108
   -1.9066    0.1830    0.0099
    1.3614   -0.3841   -0.1078
   -1.9888    1.5012    0.0037
    0.9437   -1.7458   -0.0358
    1.5867    0.1830    0.0306
   -1.0969   -0.6568   -0.2244
    0.1872   -1.9764   -0.0368
    0.6109         0         0
         0   -1.8447   -0.0686
    1.5867    1.2694    0.0289
    1.5867   -0.6568   -0.0621
   -1.9066    1.5012    0.0060
    1.5867    1.8143    0.0059
    1.9191    1.5012    0.0050
    0.1872    1.5012    0.2140
   -0.9249   -1.8447   -0.0259
   -1.4482    0.3689    0.0776
