    2.6259   -0.2792    0.0393
   -0.2701   -0.8842    0.2138
   -1.8973   -0.8842    0.0121
   -1.3664   -2.2171    0.0009
   -1.1384    1.2464    0.8889
    2.1128   -3.0484    0.0040
   -1.8973    2.0433    0.1599
   -1.3664   -1.3962    0.0059
    0.6269   -3.0484    0.0135
   -0.5923    1.2464    0.7949
         0   -3.0484    0.0056
         0   -0.5885    0.3618
         0    0.3226    0.2704
   -2.9369    2.9243    0.0005
    2.2370    0.8699    0.0068
    1.1378    0.3226    0.1699
   -2.4850    0.3226    0.0739
    0.6269    0.8699    0.0914
    1.9628   -0.8842    0.4030
    2.2370   -1.7931    0.1086
    0.6269    2.0433    0.0219
   -0.9412    1.4013    0.8536
   -0.9412    2.8027    0.0369
   -2.9369    2.8027    0.0009
    1.9628    2.3240    0.0000
   -0.2701    0.8699    0.5432
   -0.5923   -0.2792    0.2295
    2.1128   -2.2171    0.0636
   -2.7638    0.8699    0.0446
   -0.9412    0.3226    0.6629
    1.3606   -2.7761    0.0388
   -2.4850   -0.5885    0.0080
   -1.8860    2.8027    0.0183
   -1.8860   -2.7761    0.0000
   -2.7638    2.0433    0.0144
   -2.7638    2.8027    0.0018
    1.9628    1.2464    0.0026
    2.6259   -2.2171    0.0165
    0.2933   -1.3962    0.5631
    2.2370    2.0433    0.0000
    1.1378   -1.3024    0.8438
   -2.7638    1.4013    0.0344
    2.8666    0.8699    0.0010
   -0.2701    2.8027    0.0209
   -2.4850   -0.2792    0.0225
    2.8666   -1.3962    0.0271
         0   -2.7761    0.0155
   -0.5923         0    0.3094
   -0.5923    2.0433    0.3079
   -2.9369   -0.5885    0.0021
    1.1378         0    0.3435
   -2.7638   -1.3962    0.0001
    1.1378   -1.9031    0.4294
   -2.4850    0.5511    0.0841
    2.6259   -1.7931    0.0405
    2.1128   -0.2792    0.1793
    2.2370   -1.3024    0.1993
   -1.8860    1.4013    0.3694
    0.9481   -2.2171    0.2343
   -0.2701    1.2464    0.5383
   -0.2701    2.9243    0.0136
    2.2370   -2.2171    0.0463
   -0.9412   -1.9031    0.0109
    1.3606   -1.7931    0.4573
    2.6259    2.0433    0.0000
    0.6269    0.3226    0.2091
   -2.4850   -1.3962    0.0004
    0.2933   -1.9031    0.2738
    2.8666    2.3240    0.0000
   -1.8973   -1.3024    0.0024
    1.1378   -2.2171    0.2205
   -2.9369   -3.0484    0.0000
   -2.7638    1.2464    0.0461
   -0.2701   -1.9031    0.0949
   -1.8860    2.9243    0.0118
   -1.8973    2.8027    0.0161
   -2.7638   -0.5885    0.0037
    1.9628    2.0433    0.0001
   -1.8860    1.2464    0.4655
   -1.8860    2.3240    0.0786
         0         0    0.2874
   -0.2701    1.7445    0.3605
    0.2933    0.8699    0.2188
   -0.5923    2.9243    0.0195
         0    2.0433    0.1321
    2.8666   -0.8842    0.0285
   -2.4850    2.8027    0.0046
    0.6269    1.7445    0.0450
    1.1378    2.8027    0.0004
   -2.7638    0.3226    0.0267
    1.3606    0.5511    0.0747
   -0.5923   -2.2171    0.0176
   -2.4850   -1.3024    0.0006
    2.8666    0.5511    0.0029
    2.2370    1.2464    0.0013
   -1.3664    1.4013    0.7961
    2.1128   -0.5885    0.2406
   -0.9412         0    0.3828
   -1.3664    1.2464    0.8633
    2.6259    2.3240    0.0000
         0    2.9243    0.0092
    1.3606   -0.2792    0.5138
    1.1378    2.3240    0.0017
   -1.1384   -1.3024    0.0135
   -2.4850    1.4013    0.0998
    2.2370   -2.7761    0.0085
    2.2370    1.4013    0.0008
    2.8666    2.0433    0.0000
   -0.9412    0.5511    0.8812
    0.2933   -2.7761    0.0244
    2.8666   -1.9031    0.0135
   -1.8973         0    0.1756
   -1.8860   -1.3962    0.0016
    2.1128         0    0.1009
    2.6259    1.7445    0.0000
   -0.5923    0.3226    0.5192
    0.6269   -2.7761    0.0404
         0   -1.3962    0.2932
    2.1128   -2.7761    0.0121
   -0.5923    1.4013    0.6793
   -1.3664   -1.9031    0.0018
    1.1378   -0.8842    1.0553
   -0.9412    2.0433    0.3161
    0.9481    2.9243    0.0005
   -2.7638    0.5511    0.0355
   -2.7638   -1.9031    0.0000
   -1.8973    2.3240    0.0791
    2.8666    1.7445    0.0000
   -0.2701   -3.0484    0.0028
    0.2933   -1.7931    0.3362
   -2.9369   -2.2171    0.0000
   -2.9369    0.5511    0.0178
   -1.8973    1.7445    0.2776
    2.1128    2.0433    0.0001
    1.3606    0.3226    0.1628
         0    1.4013    0.3392
   -1.8860   -1.7931    0.0003
    1.3606   -0.8842    0.7950
    1.3606    2.9243    0.0001
    1.1378   -1.7931    0.5732
   -0.9412   -0.8842    0.0508
    2.1128    1.7445    0.0002
    1.1378    0.5511    0.0943
    1.9628   -1.3024    0.3447
    2.6259   -1.3024    0.0704
    0.9481   -0.8842    0.9598
    1.3606   -2.2171    0.1849
    1.3606    0.8699    0.0321
    2.2370   -3.0484    0.0034
    2.2370   -1.9031    0.1041
    0.9481         0    0.4035
    1.9628    0.3226    0.0682
    2.2370   -1.3962    0.1680
   -1.8973    1.4013    0.3913
   -0.5923    0.5511    0.6787
   -1.1384    1.4013    0.9067
    0.2933    0.5511    0.2036
    2.6259    0.3226    0.0117
   -1.8973   -3.0484    0.0000
   -1.3664   -1.7931    0.0022
    1.9628   -0.5885    0.3141
   -2.9369    2.3240    0.0043
   -1.8973    1.2464    0.4530
    0.6269         0    0.3180
    2.1128   -1.9031    0.1246
    1.9628    1.7445    0.0003
   -2.4850    2.3240    0.0178
    0.6269   -0.5885    0.7876
    1.1378   -0.5885    0.7560
   -1.1384   -1.9031    0.0050
    2.8666    1.2464    0.0002
    0.2933   -0.2792    0.3862
   -0.5923   -1.3024    0.0700
   -2.9369         0    0.0080
    2.1128   -1.7931    0.1408
         0   -0.8842    0.3958
    0.9481    0.3226    0.1732
    0.9481    2.3240    0.0041
   -2.4850    1.7445    0.0592
    0.2933   -3.0484    0.0086
    0.2933   -1.3024    0.5720
    2.6259    1.4013    0.0002
    1.9628   -1.7931    0.2149
   -2.4850   -2.2171    0.0000
    0.6269    2.9243    0.0019
    1.9628   -3.0484    0.0063
   -2.4850    0.8699    0.1113
   -1.1384    0.5511    0.8368
   -1.3664    2.9243    0.0200
    0.9481    1.2464    0.0273
         0   -2.2171    0.0768
   -2.9369   -0.8842    0.0007
    2.2370    0.5511    0.0178
    2.2370    2.3240    0.0000
   -1.8860    0.5511    0.3643
   -1.3664   -0.5885    0.0742
   -2.7638   -0.2792    0.0080
    0.9481   -1.3024    0.9313
    1.3606    2.3240    0.0006
    2.6259         0    0.0241
    2.8666    2.8027    0.0000
   -1.3664   -3.0484    0.0001
   -1.3664    0.3226    0.5538
   -2.4850   -2.7761    0.0000
   -1.3664    0.8699    0.9025
    0.6269   -2.2171    0.2040
    2.1128   -1.3024    0.2423
   -0.9412   -2.7761    0.0010
         0   -1.9031    0.1718
   -1.1384    0.8699    0.8878
    0.6269    2.3240    0.0128
   -1.1384    2.3240    0.1699
   -0.5923    2.8027    0.0346
   -0.2701    2.0433    0.2131
    0.6269    0.5511    0.1344
   -2.9369   -1.7931    0.0000
    0.6269   -1.3024    0.8261
   -1.1384   -3.0484    0.0002
    0.2933    2.0433    0.0612
    1.1378   -2.7761    0.0426
   -0.2701    1.4013    0.4562
    1.3606   -1.3024    0.8755
   -0.5923   -2.7761    0.0034
   -0.2701   -0.5885    0.2260
   -0.2701   -1.3962    0.1894
   -2.9369    0.3226    0.0142
   -1.3664   -2.7761    0.0002
   -1.1384   -2.2171    0.0025
   -0.9412   -3.0484    0.0003
    1.1378   -3.0484    0.0141
    0.2933    2.8027    0.0067
    0.9481   -1.9031    0.4550
   -2.9369    1.7445    0.0126
   -0.2701    0.5511    0.4523
   -1.8860   -0.2792    0.0853
   -0.9412    2.3240    0.1893
    0.2933    1.4013    0.1722
   -1.8973   -0.2792    0.0958
    2.8666   -2.7761    0.0012
    2.1128    2.3240    0.0000
   -1.8860    1.7445    0.2661
   -2.7638    2.3240    0.0073
         0    2.3240    0.0582
    2.1128    0.8699    0.0086
         0    1.7445    0.1983
    2.2370         0    0.0852
   -1.8973   -1.9031    0.0002
   -0.2701         0    0.3142
   -2.4850    1.2464    0.0963
   -2.4850    2.9243    0.0027
   -0.9412    1.7445    0.6214
    0.6269    1.2464    0.0738
   -0.2701   -2.7761    0.0085
   -1.8860   -3.0484    0.0000
   -1.8860    2.0433    0.1483
    2.2370    1.7445    0.0001
   -1.1384   -0.8842    0.0364
    2.8666   -1.7931    0.0157
    2.8666   -0.5885    0.0265
    0.9481    0.5511    0.1188
   -2.9369   -1.3962    0.0001
    2.6259   -1.9031    0.0291
   -0.9412   -0.2792    0.2256
    0.2933   -2.2171    0.1313
    2.2370    2.9243    0.0000
   -0.9412    2.9243    0.0242
   -1.8860         0    0.1521
    2.2370   -0.8842    0.1924
   -0.9412   -0.5885    0.1072
         0    0.5511    0.3066
   -2.4850         0    0.0392
   -1.8860    0.3226    0.2809
   -0.9412   -1.3024    0.0254
   -0.2701   -1.3024    0.1801
    2.6259    2.8027    0.0000
    2.1128    0.5511    0.0276
    1.3606   -0.5885    0.7053
   -2.9369   -1.9031    0.0000
   -2.4850   -1.9031    0.0000
    2.1128    0.3226    0.0535
    0.2933   -0.5885    0.5170
   -2.9369    0.8699    0.0241
    0.9481    1.4013    0.0237
   -1.1384   -1.7931    0.0055
    1.1378    2.0433    0.0039
   -0.2701    2.3240    0.0927
    0.2933    0.3226    0.2394
    2.6259    2.9243    0.0000
    0.6269   -1.3962    0.7217
   -0.5923   -1.3962    0.0753
    1.9628    0.8699    0.0122
   -1.1384    0.3226    0.6311
   -2.9369    1.4013    0.0214
    1.9628   -2.2171    0.0830
    1.1378   -0.2792    0.5299
    0.2933         0    0.2896
   -1.1384    2.0433    0.3368
    2.8666    0.3226    0.0059
   -1.8973    0.5511    0.3848
    2.1128    1.2464    0.0018
   -1.1384   -1.3962    0.0131
    1.1378    1.7445    0.0064
    2.6259    1.2464    0.0005
   -2.4850   -3.0484    0.0000
    0.6269   -0.2792    0.5132
    1.3606    1.4013    0.0059
    0.9481   -3.0484    0.0162
    0.9481   -1.3962    0.7925
    2.6259   -3.0484    0.0012
    1.9628    1.4013    0.0013
         0    1.2464    0.3518
         0    2.8027    0.0130
    2.6259   -0.8842    0.0740
    1.3606         0    0.3376
    2.1128   -1.3962    0.2601
   -1.3664   -1.3024    0.0070
   -1.8973    0.3226    0.2967
   -1.1384   -2.7761    0.0004
    1.1378    2.9243    0.0002
   -2.7638    1.7445    0.0244
   -2.7638   -1.7931    0.0000
    2.6259   -1.3962    0.0601
   -2.9369   -2.7761    0.0000
    2.1128    2.9243    0.0000
   -0.5923    1.7445    0.4689
    1.1378    1.4013    0.0109
    0.9481   -2.7761    0.0453
   -0.2701   -0.2792    0.2281
    0.9481    0.8699    0.0561
    1.9628   -2.7761    0.0180
   -2.7638   -2.2171    0.0000
         0   -0.2792    0.2828
   -0.9412   -1.3962    0.0215
   -1.8973   -1.3962    0.0018
    1.3606   -1.3962    0.7298
    1.3606    1.7445    0.0024
    0.9481   -0.2792    0.6094
    2.2370    0.3226    0.0384
   -1.3664    1.7445    0.4759
    2.1128    1.4013    0.0010
   -2.9369   -0.2792    0.0047
   -1.1384    1.7445    0.6079
    2.6259    0.8699    0.0020
   -2.7638    2.9243    0.0011
   -1.8860   -0.5885    0.0394
   -2.7638   -0.8842    0.0013
    2.6259    0.5511    0.0061
   -1.8973   -0.5885    0.0343
    0.2933    2.9243    0.0044
   -2.7638   -3.0484    0.0000
   -0.9412   -2.2171    0.0056
         0    0.8699    0.3956
   -0.9412    1.2464    0.8824
   -1.3664   -0.2792    0.1574
    2.6259   -2.7761    0.0030
    2.8666   -0.2792    0.0187
    1.9628    2.9243    0.0000
    1.9628         0    0.1342
    0.6269   -0.8842    0.8586
    2.8666   -1.3024    0.0265
   -0.9412   -1.7931    0.0115
    1.9628   -0.2792    0.2441
   -1.8860    0.8699    0.4804
    0.9481    2.8027    0.0008
    2.2370    2.8027    0.0000
   -1.8860   -0.8842    0.0125
         0   -1.3024    0.3454
   -1.8860   -2.2171    0.0001
   -2.9369    1.2464    0.0232
   -1.3664   -0.8842    0.0290
   -1.8973   -2.7761    0.0000
    1.3606   -1.9031    0.4043
   -0.5923    0.8699    0.9004
    1.3606    2.8027    0.0002
    0.9481    2.0433    0.0077
         0   -1.7931    0.2055
   -1.8973    2.9243    0.0118
   -1.3664    2.3240    0.1656
   -0.5923    2.3240    0.1323
    1.9628   -1.9031    0.1647
   -1.8973    0.8699    0.4814
   -0.2701   -1.7931    0.1134
    0.2933   -0.8842    0.6203
   -0.5923   -3.0484    0.0012
    2.6259   -0.5885    0.0566
    2.1128   -0.8842    0.2741
   -1.1384   -0.2792    0.1890
    2.2370   -0.5885    0.1855
    1.9628    2.8027    0.0000
   -1.8973   -1.7931    0.0003
   -2.4850   -0.8842    0.0033
    0.6269   -1.9031    0.3784
    1.3606   -3.0484    0.0125
   -0.5923   -0.5885    0.1243
    2.2370   -0.2792    0.1274
    2.8666    2.9243    0.0000
   -0.5923   -1.7931    0.0402
    1.1378    1.2464    0.0175
    2.1128    2.8027    0.0000
    0.6269   -1.7931    0.4399
   -2.4850    2.0433    0.0347
   -2.7638   -1.3024    0.0002
   -2.9369   -1.3024    0.0001
    1.9628    0.5511    0.0331
   -2.9369    2.0433    0.0078
    0.9481   -1.7931    0.5355
   -0.5923   -0.8842    0.0997
    0.2933    2.3240    0.0297
    1.3606    1.2464    0.0089
   -1.8860   -1.3024    0.0027
   -1.1384    2.9243    0.0258
    2.8666   -2.2171    0.0065
   -1.3664    2.0433    0.2848
    0.2933    1.2464    0.1918
    2.8666         0    0.0124
   -1.3664    2.8027    0.0312
    0.2933    1.7445    0.1161
    1.1378    0.8699    0.0427
   -2.7638         0    0.0164
   -1.1384   -0.5885    0.0872
   -1.3664    0.5511    0.7679
   -1.8860   -1.9031    0.0002
    0.6269    1.4013    0.0640
   -1.8973   -2.2171    0.0001
    2.8666   -3.0484    0.0005
    0.6269    2.8027    0.0026
   -2.7638   -2.7761    0.0000
   -1.1384         0    0.3805
   -0.2701   -2.2171    0.0435
    0.9481    1.7445    0.0129
    1.3606    2.0433    0.0013
   -1.1384    2.8027    0.0404
   -0.5923   -1.9031    0.0344
    1.1378   -1.3962    0.8875
    2.8666    1.4013    0.0001
   -0.2701    0.3226    0.3998
   -0.9412    0.8699    0.9534
   -1.3664         0    0.3157
    0.9481   -0.5885    0.8334
    1.9628   -1.3962    0.3051
   -2.4850   -1.7931    0.0000   